1650458716848712921 1650458716.848713
1650458716888762951 1650458716.888763
1650458716928813934 1650458716.928814
1650458716968864918 1650458716.968865
1650458717008915901 1650458717.008916
1650458717048966885 1650458717.048967
1650458717089016914 1650458717.089017
1650458717129067898 1650458717.129068
1650458717169118881 1650458717.169119
1650458717209169865 1650458717.209170
1650458717259175062 1650458717.259175
1650458717309180975 1650458717.309181
1650458717359185934 1650458717.359186
1650458717409191847 1650458717.409192
1650458717459197044 1650458717.459197
1650458717509202957 1650458717.509203
1650458717559207916 1650458717.559208
1650458717609213829 1650458717.609214
1650458717659219027 1650458717.659219
1650458717709224939 1650458717.709225
1650458717759229898 1650458717.759230
1650458717809236050 1650458717.809236
1650458717859241009 1650458717.859241
1650458717909246922 1650458717.909247
1650458717959251881 1650458717.959252
1650458718009258032 1650458718.009258
1650458718059262991 1650458718.059263
1650458718109268904 1650458718.109269
1650458718159273863 1650458718.159274
1650458718209280014 1650458718.209280
1650458718259284973 1650458718.259285
1650458718309289932 1650458718.309290
1650458718359295845 1650458718.359296
1650458718409301043 1650458718.409301
1650458718459306955 1650458718.459307
1650458718509311914 1650458718.509312
1650458718559317827 1650458718.559318
1650458718609323025 1650458718.609323
1650458718659328938 1650458718.659329
1650458718709333897 1650458718.709334
1650458718759340048 1650458718.759340
1650458718799391031 1650458718.799391
1650458718839441061 1650458718.839441
1650458718879492044 1650458718.879492
1650458718919543028 1650458718.919543
1650458718959594011 1650458718.959594
1650458718999644995 1650458718.999645
1650458719039695978 1650458719.039696
1650458719079746008 1650458719.079746
1650458719119796991 1650458719.119797
1650458719159847975 1650458719.159848
1650458719199898958 1650458719.199899
1650458719239949942 1650458719.239950
1650458719279999971 1650458719.280000
1650458719320050955 1650458719.320051
1650458719360101938 1650458719.360102
1650458719400152922 1650458719.400153
1650458719440203905 1650458719.440204
1650458719480254889 1650458719.480255
1650458719520304918 1650458719.520305
1650458719560355902 1650458719.560356
1650458719600406885 1650458719.600407
1650458719640457869 1650458719.640458
1650458719680508852 1650458719.680509
1650458719720559835 1650458719.720560
1650458719760609865 1650458719.760610
1650458719800660849 1650458719.800661
1650458719840711832 1650458719.840712
1650458719880763054 1650458719.880763
1650458719920814037 1650458719.920814
1650458719960863829 1650458719.960864
1650458720000915051 1650458720.000915
1650458720040966034 1650458720.040966
1650458720081017017 1650458720.081017
1650458720121068001 1650458720.121068
1650458720161118984 1650458720.161119
1650458720201169014 1650458720.201169
1650458720241219997 1650458720.241220
1650458720281270981 1650458720.281271
1650458720321321964 1650458720.321322
1650458720361372948 1650458720.361373
1650458720401422977 1650458720.401423
1650458720441473961 1650458720.441474
1650458720481524944 1650458720.481525
1650458720521575928 1650458720.521576
1650458720561626911 1650458720.561627
1650458720601677895 1650458720.601678
1650458720641727924 1650458720.641728
1650458720681778908 1650458720.681779
1650458720721829891 1650458720.721830
1650458720761880875 1650458720.761881
1650458720801931858 1650458720.801932
1650458720841981888 1650458720.841982
1650458720882032871 1650458720.882033
1650458720922083855 1650458720.922084
1650458720962134838 1650458720.962135
1650458721002186060 1650458721.002186
1650458721042237043 1650458721.042237
1650458721082286835 1650458721.082287
1650458721122338057 1650458721.122338
1650458721162389040 1650458721.162389
1650458721202440023 1650458721.202440
1650458721242491007 1650458721.242491
1650458721282541037 1650458721.282541
1650458721322592020 1650458721.322592
1650458721362643003 1650458721.362643
1650458721402693987 1650458721.402694
1650458721442744970 1650458721.442745
1650458721482795954 1650458721.482796
1650458721522845984 1650458721.522846
1650458721562896967 1650458721.562897
1650458721602947950 1650458721.602948
1650458721642998934 1650458721.642999
1650458721683049917 1650458721.683050
1650458721723100901 1650458721.723101
1650458721763150930 1650458721.763151
1650458721803201914 1650458721.803202
1650458721843252897 1650458721.843253
1650458721883303881 1650458721.883304
1650458721923354864 1650458721.923355
1650458721963404894 1650458721.963405
1650458722003455877 1650458722.003456
1650458722043506861 1650458722.043507
1650458722083557844 1650458722.083558
1650458722123608828 1650458722.123609
1650458722163660049 1650458722.163660
1650458722203709841 1650458722.203710
1650458722243761063 1650458722.243761
1650458722283812046 1650458722.283812
1650458722323863029 1650458722.323863
1650458722363914013 1650458722.363914
1650458722413918972 1650458722.413919
1650458722463924885 1650458722.463925
1650458722513929844 1650458722.513930
1650458722563935995 1650458722.563936
1650458722613940954 1650458722.613941
1650458722663946867 1650458722.663947
1650458722713951826 1650458722.713952
1650458722763957024 1650458722.763957
1650458722813962936 1650458722.813963
1650458722863967896 1650458722.863968
1650458722913974047 1650458722.913974
1650458722963979006 1650458722.963979
1650458723013984919 1650458723.013985
1650458723063989878 1650458723.063990
1650458723113996029 1650458723.113996
1650458723164000988 1650458723.164001
1650458723214006901 1650458723.214007
1650458723264011860 1650458723.264012
1650458723314018011 1650458723.314018
1650458723364022970 1650458723.364023
1650458723414028883 1650458723.414029
1650458723464033842 1650458723.464034
1650458723514039993 1650458723.514040
1650458723564044952 1650458723.564045
1650458723614050865 1650458723.614051
1650458723664056063 1650458723.664056
1650458723714061975 1650458723.714062
1650458723764066935 1650458723.764067
1650458723814072847 1650458723.814073
1650458723864078045 1650458723.864078
1650458723914083958 1650458723.914084
1650458723964088917 1650458723.964089
1650458724014093876 1650458724.014094
1650458724064100027 1650458724.064100
1650458724114104986 1650458724.114105
1650458724174065828 1650458724.174066
1650458724234025955 1650458724.234026
1650458724293985844 1650458724.293986
1650458724353945971 1650458724.353946
1650458724413905859 1650458724.413906
1650458724473865986 1650458724.473866
1650458724533825874 1650458724.533826
1650458724593786955 1650458724.593787
1650458724653746843 1650458724.653747
1650458724713706970 1650458724.713707
1650458724773666859 1650458724.773667
1650458724833626986 1650458724.833627
1650458724893586874 1650458724.893587
1650458724953547001 1650458724.953547
1650458725013507843 1650458725.013508
1650458725073467970 1650458725.073468
1650458725133427858 1650458725.133428
1650458725193387985 1650458725.193388
1650458725253347874 1650458725.253348
1650458725313308001 1650458725.313308
1650458725373267889 1650458725.373268
1650458725433228970 1650458725.433229
1650458725493188858 1650458725.493189
1650458725553148985 1650458725.553149
1650458725613108873 1650458725.613109
1650458725673069000 1650458725.673069
1650458725733028889 1650458725.733029
1650458725792989016 1650458725.792989
1650458725852949858 1650458725.852950
1650458725912909985 1650458725.912910
1650458725972869873 1650458725.972870
1650458726032830000 1650458726.032830
1650458726092789888 1650458726.092790
1650458726152750015 1650458726.152750
1650458726212709904 1650458726.212710
1650458726272670031 1650458726.272670
1650458726332630873 1650458726.332631
1650458726392591000 1650458726.392591
1650458726452550888 1650458726.452551
1650458726512511015 1650458726.512511
1650458726572470903 1650458726.572471
1650458726632431030 1650458726.632431
1650458726692390919 1650458726.692391
1650458726752351999 1650458726.752352
1650458726812311888 1650458726.812312
1650458726872272015 1650458726.872272
1650458726932231903 1650458726.932232
1650458726992192030 1650458726.992192
1650458727052151918 1650458727.052152
1650458727112112045 1650458727.112112
1650458727172072887 1650458727.172073
1650458727232033014 1650458727.232033
1650458727291992903 1650458727.291993
1650458727351953030 1650458727.351953
1650458727411912918 1650458727.411913
1650458727471873045 1650458727.471873
1650458727531832933 1650458727.531833
1650458727591794014 1650458727.591794
1650458727651753902 1650458727.651754
1650458727711714029 1650458727.711714
1650458727771673918 1650458727.771674
1650458727831634045 1650458727.831634
1650458727891593933 1650458727.891594
1650458727951554060 1650458727.951554
1650458728011514902 1650458728.011515
1650458728071475029 1650458728.071475
1650458728131434917 1650458728.131435
1650458728191395044 1650458728.191395
1650458728251354933 1650458728.251355
1650458728311315060 1650458728.311315
1650458728371274948 1650458728.371275
1650458728431236029 1650458728.431236
1650458728491195917 1650458728.491196
1650458728551156044 1650458728.551156
1650458728611115932 1650458728.611116
1650458728671076059 1650458728.671076
1650458728731035948 1650458728.731036
1650458728790995836 1650458728.790996
1650458728850956917 1650458728.850957
1650458728910917044 1650458728.910917
1650458728970876932 1650458728.970877
1650458729030837059 1650458729.030837
1650458729090796947 1650458729.090797
1650458729150756836 1650458729.150757
1650458729210716963 1650458729.210717
1650458729270678043 1650458729.270678
1650458729330637932 1650458729.330638
1650458729390598059 1650458729.390598
1650458729450557947 1650458729.450558
1650458729510517836 1650458729.510518
1650458729570477962 1650458729.570478
1650458729630437851 1650458729.630438
1650458729690398932 1650458729.690399
1650458729750359058 1650458729.750359
1650458729810318947 1650458729.810319
1650458729870278835 1650458729.870279
1650458729930238962 1650458729.930239
1650458729990198851 1650458729.990199
1650458730050158978 1650458730.050159
1650458730110118866 1650458730.110119
1650458730170079947 1650458730.170080
1650458730230039835 1650458730.230040
1650458730289999962 1650458730.290000
1650458730349959850 1650458730.349960
1650458730409919977 1650458730.409920
1650458730469879866 1650458730.469880
1650458730529839993 1650458730.529840
1650458730589800835 1650458730.589801
1650458730649760962 1650458730.649761
1650458730709720850 1650458730.709721
1650458730769680977 1650458730.769681
1650458730829640865 1650458730.829641
1650458730889600992 1650458730.889601
1650458730949560881 1650458730.949561
1650458731009521961 1650458731.009522
1650458731069481850 1650458731.069482
1650458731129441977 1650458731.129442
1650458731189401865 1650458731.189402
1650458731249361992 1650458731.249362
1650458731309321880 1650458731.309322
1650458731369282007 1650458731.369282
1650458731429242849 1650458731.429243
1650458731489202976 1650458731.489203
1650458731549162865 1650458731.549163
1650458731609122992 1650458731.609123
1650458731669082880 1650458731.669083
1650458731729043007 1650458731.729043
1650458731789002895 1650458731.789003
1650458731848963976 1650458731.848964
1650458731908923864 1650458731.908924
1650458731968883991 1650458731.968884
1650458732028843880 1650458732.028844
1650458732088804007 1650458732.088804
1650458732148763895 1650458732.148764
1650458732208724022 1650458732.208724
1650458732268684864 1650458732.268685
1650458732328644991 1650458732.328645
1650458732388604879 1650458732.388605
1650458732448565006 1650458732.448565
1650458732508524895 1650458732.508525
1650458732568485022 1650458732.568485
1650458732628444910 1650458732.628445
1650458732688405991 1650458732.688406
1650458732748365879 1650458732.748366
1650458732808326006 1650458732.808326
1650458732868285894 1650458732.868286
1650458732928246021 1650458732.928246
1650458732988205910 1650458732.988206
1650458733048166037 1650458733.048166
1650458733108126879 1650458733.108127
1650458733168087006 1650458733.168087
1650458733228046894 1650458733.228047
1650458733288007021 1650458733.288007
1650458733347966909 1650458733.347967
1650458733407927036 1650458733.407927
1650458733467886925 1650458733.467887
1650458733527848005 1650458733.527848
1650458733587807894 1650458733.587808
1650458733647768021 1650458733.647768
1650458733707727909 1650458733.707728
1650458733767688036 1650458733.767688
1650458733827647924 1650458733.827648
1650458733887608051 1650458733.887608
1650458733947568893 1650458733.947569
1650458734007529020 1650458734.007529
1650458734067488909 1650458734.067489
1650458734127449036 1650458734.127449
1650458734187408924 1650458734.187409
1650458734247369051 1650458734.247369
1650458734307328939 1650458734.307329
1650458734367288828 1650458734.367289
1650458734427249908 1650458734.427250
1650458734487210035 1650458734.487210
1650458734547169924 1650458734.547170
1650458734607130051 1650458734.607130
1650458734667089939 1650458734.667090
1650458734727049828 1650458734.727050
1650458734787009954 1650458734.787010
1650458734846971035 1650458734.846971
1650458734906930923 1650458734.906931
1650458734966891050 1650458734.966891
1650458735026850939 1650458735.026851
1650458735086810827 1650458735.086811
1650458735146770954 1650458735.146771
1650458735206730843 1650458735.206731
1650458735266691923 1650458735.266692
1650458735326652050 1650458735.326652
1650458735386611938 1650458735.386612
1650458735446571827 1650458735.446572
1650458735506531954 1650458735.506532
1650458735566491842 1650458735.566492
1650458735626451969 1650458735.626452
1650458735686413050 1650458735.686413
1650458735746372938 1650458735.746373
1650458735806332827 1650458735.806333
1650458735866292953 1650458735.866293
1650458735926252842 1650458735.926253
1650458735986212969 1650458735.986213
1650458736046172857 1650458736.046173
1650458736106133938 1650458736.106134
1650458736166093826 1650458736.166094
1650458736226053953 1650458736.226054
1650458736286013842 1650458736.286014
1650458736345973969 1650458736.345974
1650458736405933857 1650458736.405934
1650458736465893984 1650458736.465894
1650458736525855064 1650458736.525855
1650458736585814953 1650458736.585815
1650458736645774841 1650458736.645775
1650458736705734968 1650458736.705735
1650458736765694857 1650458736.765695
1650458736825654984 1650458736.825655
1650458736885614872 1650458736.885615
1650458736945575953 1650458736.945576
1650458737005535841 1650458737.005536
1650458737065495968 1650458737.065496
1650458737125455856 1650458737.125456
1650458737185415983 1650458737.185416
1650458737245375872 1650458737.245376
1650458737305335999 1650458737.305336
1650458737365296841 1650458737.365297
1650458737425256968 1650458737.425257
1650458737485216856 1650458737.485217
1650458737545176983 1650458737.545177
1650458737605136871 1650458737.605137
1650458737665096998 1650458737.665097
1650458737725056887 1650458737.725057
1650458737785017967 1650458737.785018
1650458737844977856 1650458737.844978
1650458737904937983 1650458737.904938
1650458737964897871 1650458737.964898
1650458738024857998 1650458738.024858
1650458738084817886 1650458738.084818
1650458738144778013 1650458738.144778
1650458738204737902 1650458738.204738
1650458738264698982 1650458738.264699
1650458738324658871 1650458738.324659
1650458738384618998 1650458738.384619
1650458738444578886 1650458738.444579
1650458738504539013 1650458738.504539
1650458738564498901 1650458738.564499
1650458738624459028 1650458738.624459
1650458738684419870 1650458738.684420
1650458738744379997 1650458738.744380
1650458738804339886 1650458738.804340
1650458738864300013 1650458738.864300
1650458738924259901 1650458738.924260
1650458738984220028 1650458738.984220
1650458739044179916 1650458739.044180
1650458739104140997 1650458739.104141
1650458739164100885 1650458739.164101
1650458739224061012 1650458739.224061
1650458739284020901 1650458739.284021
1650458739343981028 1650458739.343981
1650458739403940916 1650458739.403941
1650458739463901043 1650458739.463901
1650458739523861885 1650458739.523862
1650458739583822012 1650458739.583822
1650458739643781900 1650458739.643782
1650458739703742027 1650458739.703742
1650458739763701916 1650458739.763702
1650458739823662043 1650458739.823662
1650458739883621931 1650458739.883622
1650458739943583012 1650458739.943583
1650458740003542900 1650458740.003543
1650458740063503027 1650458740.063503
1650458740123462915 1650458740.123463
1650458740183423042 1650458740.183423
1650458740243382931 1650458740.243383
1650458740303343058 1650458740.303343
1650458740363303900 1650458740.363304
1650458740423264027 1650458740.423264
1650458740483223915 1650458740.483224
1650458740543184042 1650458740.543184
1650458740603143930 1650458740.603144
1650458740663104057 1650458740.663104
1650458740723063946 1650458740.723064
1650458740783025026 1650458740.783025
1650458740842984915 1650458740.842985
1650458740902945042 1650458740.902945
1650458740962904930 1650458740.962905
1650458741022865057 1650458741.022865
1650458741082824945 1650458741.082825
1650458741142784834 1650458741.142785
1650458741202745914 1650458741.202746
1650458741262706041 1650458741.262706
1650458741322665930 1650458741.322666
1650458741382626057 1650458741.382626
1650458741442585945 1650458741.442586
1650458741502545834 1650458741.502546
1650458741562505960 1650458741.562506
1650458741622465849 1650458741.622466
1650458741682426929 1650458741.682427
1650458741742387056 1650458741.742387
1650458741802346945 1650458741.802347
1650458741862306833 1650458741.862307
1650458741922266960 1650458741.922267
1650458741982226849 1650458741.982227
1650458742042186975 1650458742.042187
1650458742102148056 1650458742.102148
1650458742162107944 1650458742.162108
1650458742222067833 1650458742.222068
1650458742282027960 1650458742.282028
1650458742341987848 1650458742.341988
1650458742401947975 1650458742.401948
1650458742461907864 1650458742.461908
1650458742521868944 1650458742.521869
1650458742581828833 1650458742.581829
1650458742641788960 1650458742.641789
1650458742701748848 1650458742.701749
1650458742761708975 1650458742.761709
1650458742821668863 1650458742.821669
1650458742881628990 1650458742.881629
1650458742941589832 1650458742.941590
1650458743001549959 1650458743.001550
1650458743061509848 1650458743.061510
1650458743121469975 1650458743.121470
1650458743181429863 1650458743.181430
1650458743241389990 1650458743.241390
1650458743301349878 1650458743.301350
1650458743361310959 1650458743.361311
1650458743421270847 1650458743.421271
1650458743481230974 1650458743.481231
1650458743541190863 1650458743.541191
1650458743601150990 1650458743.601151
1650458743661110878 1650458743.661111
1650458743721071005 1650458743.721071
1650458743781031847 1650458743.781032
1650458743840991974 1650458743.840992
1650458743900951862 1650458743.900952
1650458743960911989 1650458743.960912
1650458744020871878 1650458744.020872
1650458744080832005 1650458744.080832
1650458744140791893 1650458744.140792
1650458744200752974 1650458744.200753
1650458744260712862 1650458744.260713
1650458744320672989 1650458744.320673
1650458744380632877 1650458744.380633
1650458744440593004 1650458744.440593
1650458744500552893 1650458744.500553
1650458744560513020 1650458744.560513
1650458744620473862 1650458744.620474
1650458744680433989 1650458744.680434
1650458744740393877 1650458744.740394
1650458744800354004 1650458744.800354
1650458744860313892 1650458744.860314
1650458744920274019 1650458744.920274
1650458744980233908 1650458744.980234
1650458745040194988 1650458745.040195
1650458745100154877 1650458745.100155
1650458745160115004 1650458745.160115
1650458745220074892 1650458745.220075
1650458745280035019 1650458745.280035
1650458745339994907 1650458745.339995
1650458745399955034 1650458745.399955
1650458745459915876 1650458745.459916
1650458745519876003 1650458745.519876
1650458745579835892 1650458745.579836
1650458745639796019 1650458745.639796
1650458745699755907 1650458745.699756
1650458745759716034 1650458745.759716
1650458745819675922 1650458745.819676
1650458745879636049 1650458745.879636
1650458745939596891 1650458745.939597
1650458745999557018 1650458745.999557
1650458746059516907 1650458746.059517
1650458746119477034 1650458746.119477
1650458746179436922 1650458746.179437
1650458746239397049 1650458746.239397
1650458746299356937 1650458746.299357
1650458746359318018 1650458746.359318
1650458746419277906 1650458746.419278
1650458746479238033 1650458746.479238
1650458746539197922 1650458746.539198
1650458746599158049 1650458746.599158
1650458746659117937 1650458746.659118
1650458746719078064 1650458746.719078
1650458746779038906 1650458746.779039
1650458746838999033 1650458746.838999
1650458746898958921 1650458746.898959
1650458746958919048 1650458746.958919
1650458747018878937 1650458747.018879
1650458747078839064 1650458747.078839
1650458747138798952 1650458747.138799
1650458747198760033 1650458747.198760
1650458747258719921 1650458747.258720
1650458747318680048 1650458747.318680
1650458747378639936 1650458747.378640
1650458747438600063 1650458747.438600
1650458747498559952 1650458747.498560
1650458747558519840 1650458747.558520
1650458747618480921 1650458747.618481
1650458747678441048 1650458747.678441
1650458747738400936 1650458747.738401
1650458747798361063 1650458747.798361
1650458747858320951 1650458747.858321
1650458747918280840 1650458747.918281
1650458747978240967 1650458747.978241
1650458748038202047 1650458748.038202
1650458748098161936 1650458748.098162
1650458748158122063 1650458748.158122
1650458748218081951 1650458748.218082
1650458748278041840 1650458748.278042
1650458748338001966 1650458748.338002
1650458748397961855 1650458748.397962
1650458748457922935 1650458748.457923
1650458748517883062 1650458748.517883
1650458748577842951 1650458748.577843
1650458748637802839 1650458748.637803
1650458748697762966 1650458748.697763
1650458748757722855 1650458748.757723
1650458748817682981 1650458748.817683
1650458748877644062 1650458748.877644
1650458748937603951 1650458748.937604
1650458748997563839 1650458748.997564
1650458749057523966 1650458749.057524
1650458749117483854 1650458749.117484
1650458749177443981 1650458749.177444
1650458749237403870 1650458749.237404
1650458749297364950 1650458749.297365
1650458749357324839 1650458749.357325
1650458749417284966 1650458749.417285
1650458749477244854 1650458749.477245
1650458749537204981 1650458749.537205
1650458749597164869 1650458749.597165
1650458749657124996 1650458749.657125
1650458749717084885 1650458749.717085
1650458749777045965 1650458749.777046
1650458749837005854 1650458749.837006
1650458749896965981 1650458749.896966
1650458749956925869 1650458749.956926
1650458750016885996 1650458750.016886
1650458750076845884 1650458750.076846
1650458750136806011 1650458750.136806
1650458750196766853 1650458750.196767
1650458750256726980 1650458750.256727
1650458750316686869 1650458750.316687
1650458750376646996 1650458750.376647
1650458750436606884 1650458750.436607
1650458750496567011 1650458750.496567
1650458750556526899 1650458750.556527
1650458750616487980 1650458750.616488
1650458750676447868 1650458750.676448
1650458750736407995 1650458750.736408
1650458750796367884 1650458750.796368
1650458750856328011 1650458750.856328
1650458750916287899 1650458750.916288
1650458750976248026 1650458750.976248
1650458751036208868 1650458751.036209
1650458751096168995 1650458751.096169
1650458751156128883 1650458751.156129
1650458751216089010 1650458751.216089
1650458751276048899 1650458751.276049
1650458751336009026 1650458751.336009
1650458751395968914 1650458751.395969
1650458751455929995 1650458751.455930
1650458751515889883 1650458751.515890
1650458751575850010 1650458751.575850
1650458751635809898 1650458751.635810
1650458751695770025 1650458751.695770
1650458751755729914 1650458751.755730
1650458751815690041 1650458751.815690
1650458751875650883 1650458751.875651
1650458751935611010 1650458751.935611
1650458751995570898 1650458751.995571
1650458752055531025 1650458752.055531
1650458752115490913 1650458752.115491
1650458752175451040 1650458752.175451
1650458752235410929 1650458752.235411
1650458752295372009 1650458752.295372
1650458752355331898 1650458752.355332
1650458752415292025 1650458752.415292
1650458752475251913 1650458752.475252
1650458752535212040 1650458752.535212
1650458752595171928 1650458752.595172
1650458752655132055 1650458752.655132
1650458752715092897 1650458752.715093
1650458752775053024 1650458752.775053
1650458752835012913 1650458752.835013
1650458752894973040 1650458752.894973
1650458752954932928 1650458752.954933
1650458753014893055 1650458753.014893
1650458753074852943 1650458753.074853
1650458753134814024 1650458753.134814
1650458753194773912 1650458753.194774
1650458753254734039 1650458753.254734
1650458753314693928 1650458753.314694
1650458753374654055 1650458753.374654
1650458753434613943 1650458753.434614
1650458753494573832 1650458753.494574
1650458753554533958 1650458753.554534
1650458753614495039 1650458753.614495
1650458753674454927 1650458753.674455
1650458753734415054 1650458753.734415
1650458753794374943 1650458753.794375
1650458753854334831 1650458753.854335
1650458753914294958 1650458753.914295
1650458753974254847 1650458753.974255
1650458754034215927 1650458754.034216
1650458754094176054 1650458754.094176
1650458754154135942 1650458754.154136
1650458754214095831 1650458754.214096
1650458754274055958 1650458754.274056
1650458754334015846 1650458754.334016
1650458754393975973 1650458754.393976
1650458754453937054 1650458754.453937
1650458754513896942 1650458754.513897
1650458754573856831 1650458754.573857
1650458754633816957 1650458754.633817
1650458754693776846 1650458754.693777
1650458754753736973 1650458754.753737
1650458754813696861 1650458754.813697
1650458754873657942 1650458754.873658
1650458754933617830 1650458754.933618
1650458754993577957 1650458754.993578
1650458755053537846 1650458755.053538
1650458755113497972 1650458755.113498
1650458755173457861 1650458755.173458
1650458755233417988 1650458755.233418
1650458755293378830 1650458755.293379
1650458755353338957 1650458755.353339
1650458755413298845 1650458755.413299
1650458755473258972 1650458755.473259
1650458755533218861 1650458755.533219
1650458755593178988 1650458755.593179
1650458755653138876 1650458755.653139
1650458755713099957 1650458755.713100
1650458755773059845 1650458755.773060
1650458755833019972 1650458755.833020
1650458755892979860 1650458755.892980
1650458755952939987 1650458755.952940
1650458756012899876 1650458756.012900
1650458756072860003 1650458756.072860
1650458756132820845 1650458756.132821
1650458756192780972 1650458756.192781
1650458756252740860 1650458756.252741
1650458756312700987 1650458756.312701
1650458756372660875 1650458756.372661
1650458756432621002 1650458756.432621
1650458756492580891 1650458756.492581
1650458756552541971 1650458756.552542
1650458756612501860 1650458756.612502
1650458756672461987 1650458756.672462
1650458756732421875 1650458756.732422
1650458756792382002 1650458756.792382
1650458756852341890 1650458756.852342
1650458756912302017 1650458756.912302
1650458756972262859 1650458756.972263
1650458757032222986 1650458757.032223
1650458757092182875 1650458757.092183
1650458757152143002 1650458757.152143
1650458757212102890 1650458757.212103
1650458757272063017 1650458757.272063
1650458757332022905 1650458757.332023
1650458757391983032 1650458757.391983
1650458757451943874 1650458757.451944
1650458757511904001 1650458757.511904
1650458757571863890 1650458757.571864
1650458757631824017 1650458757.631824
1650458757691783905 1650458757.691784
1650458757751744032 1650458757.751744
1650458757811703920 1650458757.811704
1650458757871665001 1650458757.871665
1650458757931624889 1650458757.931625
1650458757991585016 1650458757.991585
1650458758051544905 1650458758.051545
1650458758111505032 1650458758.111505
1650458758171464920 1650458758.171465
1650458758231425047 1650458758.231425
1650458758291385889 1650458758.291386
1650458758351346016 1650458758.351346
1650458758411305904 1650458758.411306
1650458758471266031 1650458758.471266
1650458758531225920 1650458758.531226
1650458758591186047 1650458758.591186
1650458758651145935 1650458758.651146
1650458758711107016 1650458758.711107
1650458758771066904 1650458758.771067
1650458758831027031 1650458758.831027
1650458758890986919 1650458758.890987
1650458758950947046 1650458758.950947
1650458759010906935 1650458759.010907
1650458759070867062 1650458759.070867
1650458759130827904 1650458759.130828
1650458759190788031 1650458759.190788
1650458759250747919 1650458759.250748
1650458759310708046 1650458759.310708
1650458759370667934 1650458759.370668
1650458759430628061 1650458759.430628
1650458759490587950 1650458759.490588
1650458759550549030 1650458759.550549
1650458759610508919 1650458759.610509
1650458759670469046 1650458759.670469
1650458759730428934 1650458759.730429
1650458759790389061 1650458759.790389
1650458759850348949 1650458759.850349
1650458759910308838 1650458759.910309
1650458759970269918 1650458759.970270
1650458760030230045 1650458760.030230
1650458760090189934 1650458760.090190
1650458760150150061 1650458760.150150
1650458760210109949 1650458760.210110
1650458760270069838 1650458760.270070
1650458760330029964 1650458760.330030
1650458760389991045 1650458760.389991
1650458760449950933 1650458760.449951
1650458760509911060 1650458760.509911
1650458760569870949 1650458760.569871
1650458760629830837 1650458760.629831
1650458760689790964 1650458760.689791
1650458760749750853 1650458760.749751
1650458760809711933 1650458760.809712
1650458760869672060 1650458760.869672
1650458760929631948 1650458760.929632
1650458760989591837 1650458760.989592
1650458761049551964 1650458761.049552
1650458761109511852 1650458761.109512
1650458761169471979 1650458761.169472
1650458761229431868 1650458761.229432
1650458761289392948 1650458761.289393
1650458761349352837 1650458761.349353
1650458761409312963 1650458761.409313
1650458761469272852 1650458761.469273
1650458761529232979 1650458761.529233
1650458761589192867 1650458761.589193
1650458761649152994 1650458761.649153
1650458761709113836 1650458761.709114
1650458761769073963 1650458761.769074
1650458761829033852 1650458761.829034
1650458761888993979 1650458761.888994
1650458761948953867 1650458761.948954
1650458762008913994 1650458762.008914
1650458762068873882 1650458762.068874
1650458762128834963 1650458762.128835
1650458762188794851 1650458762.188795
1650458762248754978 1650458762.248755
1650458762308714867 1650458762.308715
1650458762368674994 1650458762.368675
1650458762428634882 1650458762.428635
1650458762488595009 1650458762.488595
1650458762548555851 1650458762.548556
1650458762608515978 1650458762.608516
1650458762668475866 1650458762.668476
1650458762728435993 1650458762.728436
1650458762788395882 1650458762.788396
1650458762848356009 1650458762.848356
1650458762908315897 1650458762.908316
1650458762968276978 1650458762.968277
1650458763028236866 1650458763.028237
1650458763088196993 1650458763.088197
1650458763148156881 1650458763.148157
1650458763208117008 1650458763.208117
1650458763268076897 1650458763.268077
1650458763328037024 1650458763.328037
1650458763378042936 1650458763.378043
1650458763428047895 1650458763.428048
1650458763478054047 1650458763.478054
1650458763528059006 1650458763.528059
1650458763578064919 1650458763.578065
1650458763628069878 1650458763.628070
1650458763678076029 1650458763.678076
1650458763728080988 1650458763.728081
1650458763778086901 1650458763.778087
1650458763828091860 1650458763.828092
1650458763878098011 1650458763.878098
1650458763928102970 1650458763.928103
1650458763978108883 1650458763.978109
1650458764028113842 1650458764.028114
1650458764078119993 1650458764.078120
1650458764128124952 1650458764.128125
1650458764178130865 1650458764.178131
1650458764228136063 1650458764.228136
1650458764278141975 1650458764.278142
1650458764328146935 1650458764.328147
1650458764388107061 1650458764.388107
1650458764448066950 1650458764.448067
1650458764498072863 1650458764.498073
1650458764558032990 1650458764.558033
1650458764608037949 1650458764.608038
1650458764667999029 1650458764.667999
1650458764727958918 1650458764.727959
1650458764777963877 1650458764.777964
1650458764837924004 1650458764.837924
1650458764887929916 1650458764.887930
1650458764937934875 1650458764.937935
1650458764987941027 1650458764.987941
1650458765037945986 1650458765.037946
1650458765087951899 1650458765.087952
1650458765137956858 1650458765.137957
1650458765197916985 1650458765.197917
1650458765257876873 1650458765.257877
1650458765307883024 1650458765.307883
1650458765367842913 1650458765.367843
1650458765417849064 1650458765.417849
1650458765467854023 1650458765.467854
1650458765517859936 1650458765.517860
1650458765567864895 1650458765.567865
1650458765617869854 1650458765.617870
1650458765667876005 1650458765.667876
1650458765727835894 1650458765.727836
1650458765787796021 1650458765.787796
1650458765837801933 1650458765.837802
1650458765887806892 1650458765.887807
1650458765937813044 1650458765.937813
1650458765987818003 1650458765.987818
1650458766037823915 1650458766.037824
1650458766087828875 1650458766.087829
1650458766137835026 1650458766.137835
1650458766187839985 1650458766.187840
1650458766247799873 1650458766.247800
1650458766307760000 1650458766.307760
1650458766357765913 1650458766.357766
1650458766407770872 1650458766.407771
1650458766457777023 1650458766.457777
1650458766507781982 1650458766.507782
1650458766557787895 1650458766.557788
1650458766607792854 1650458766.607793
1650458766657799006 1650458766.657799
1650458766707803965 1650458766.707804
1650458766767763853 1650458766.767764
1650458766817770004 1650458766.817770
1650458766877729893 1650458766.877730
1650458766937690020 1650458766.937690
1650458766987695932 1650458766.987696
1650458767047656059 1650458767.047656
1650458767097661018 1650458767.097661
1650458767157620907 1650458767.157621
1650458767217581987 1650458767.217582
1650458767277541876 1650458767.277542
1650458767337502003 1650458767.337502
1650458767397461891 1650458767.397462
1650458767457422018 1650458767.457422
1650458767507427931 1650458767.507428
1650458767557432890 1650458767.557433
1650458767607439041 1650458767.607439
1650458767657444000 1650458767.657444
1650458767707448959 1650458767.707449
1650458767757454872 1650458767.757455
1650458767807459831 1650458767.807460
1650458767857465982 1650458767.857466
1650458767907470942 1650458767.907471
1650458767957476854 1650458767.957477
1650458768007482052 1650458768.007482
1650458768057487965 1650458768.057488
1650458768107492924 1650458768.107493
1650458768157498837 1650458768.157499
1650458768207504034 1650458768.207504
1650458768257509947 1650458768.257510
1650458768307514906 1650458768.307515
1650458768357521057 1650458768.357521
1650458768407526016 1650458768.407526
1650458768457531929 1650458768.457532
1650458768507536888 1650458768.507537
1650458768557543039 1650458768.557543
1650458768607547998 1650458768.607548
1650458768657553911 1650458768.657554
1650458768707558870 1650458768.707559
1650458768757565022 1650458768.757565
1650458768807569981 1650458768.807570
1650458768857575893 1650458768.857576
1650458768907580853 1650458768.907581
1650458768957586050 1650458768.957586
1650458769007591963 1650458769.007592
1650458769057596922 1650458769.057597
1650458769117558002 1650458769.117558
1650458769177517891 1650458769.177518
1650458769237478018 1650458769.237478
1650458769297437906 1650458769.297438
1650458769357398033 1650458769.357398
1650458769417357922 1650458769.417358
1650458769477318048 1650458769.477318
1650458769537278891 1650458769.537279
1650458769597239017 1650458769.597239
1650458769657198906 1650458769.657199
1650458769717159033 1650458769.717159
1650458769777118921 1650458769.777119
1650458769837079048 1650458769.837079
1650458769897038937 1650458769.897039
1650458769957000017 1650458769.957000
1650458770016959906 1650458770.016960
1650458770076920033 1650458770.076920
1650458770136879921 1650458770.136880
1650458770196840048 1650458770.196840
1650458770256799936 1650458770.256800
1650458770316760063 1650458770.316760
1650458770376720905 1650458770.376721
1650458770436681032 1650458770.436681
1650458770496640921 1650458770.496641
1650458770556601048 1650458770.556601
1650458770616560936 1650458770.616561
1650458770676521063 1650458770.676521
1650458770736480951 1650458770.736481
1650458770796442032 1650458770.796442
1650458770856401920 1650458770.856402
1650458770916362047 1650458770.916362
1650458770976321936 1650458770.976322
1650458771036282063 1650458771.036282
1650458771096241951 1650458771.096242
1650458771156201839 1650458771.156202
1650458771216162920 1650458771.216163
1650458771276123047 1650458771.276123
1650458771336082935 1650458771.336083
1650458771396043062 1650458771.396043
1650458771456002951 1650458771.456003
1650458771515962839 1650458771.515963
1650458771575922966 1650458771.575923
1650458771635882854 1650458771.635883
1650458771695843935 1650458771.695844
1650458771755804062 1650458771.755804
1650458771815763950 1650458771.815764
1650458771875723839 1650458771.875724
1650458771935683966 1650458771.935684
1650458771995643854 1650458771.995644
1650458772055603981 1650458772.055604
1650458772115565062 1650458772.115565
1650458772175524950 1650458772.175525
1650458772235484838 1650458772.235485
1650458772295444965 1650458772.295445
1650458772355404854 1650458772.355405
1650458772415364981 1650458772.415365
1650458772475324869 1650458772.475325
1650458772535285950 1650458772.535286
1650458772595245838 1650458772.595246
1650458772655205965 1650458772.655206
1650458772715165854 1650458772.715166
1650458772775125980 1650458772.775126
1650458772835085869 1650458772.835086
1650458772895045996 1650458772.895046
1650458772955006838 1650458772.955007
1650458773014966965 1650458773.014967
1650458773074926853 1650458773.074927
1650458773134886980 1650458773.134887
1650458773194846869 1650458773.194847
1650458773254806995 1650458773.254807
1650458773314766884 1650458773.314767
1650458773374727964 1650458773.374728
1650458773434687853 1650458773.434688
1650458773494647980 1650458773.494648
1650458773554607868 1650458773.554608
1650458773614567995 1650458773.614568
1650458773674527884 1650458773.674528
1650458773734488010 1650458773.734488
1650458773794448853 1650458773.794449
1650458773854408979 1650458773.854409
1650458773914368868 1650458773.914369
1650458773974328995 1650458773.974329
1650458774034288883 1650458774.034289
1650458774094249010 1650458774.094249
1650458774154208899 1650458774.154209
1650458774214169979 1650458774.214170
1650458774274129868 1650458774.274130
1650458774334089994 1650458774.334090
1650458774394049883 1650458774.394050
1650458774454010010 1650458774.454010
1650458774513969898 1650458774.513970
1650458774573930025 1650458774.573930
1650458774633890867 1650458774.633891
1650458774693850994 1650458774.693851
1650458774753810883 1650458774.753811
1650458774813771009 1650458774.813771
1650458774873730898 1650458774.873731
1650458774933691025 1650458774.933691
1650458774993650913 1650458774.993651
1650458775053611994 1650458775.053612
1650458775113571882 1650458775.113572
1650458775173532009 1650458775.173532
1650458775233491898 1650458775.233492
1650458775293452024 1650458775.293452
1650458775353411913 1650458775.353412
1650458775413372040 1650458775.413372
1650458775473331928 1650458775.473332
1650458775533293009 1650458775.533293
1650458775593252897 1650458775.593253
1650458775653213024 1650458775.653213
1650458775713172913 1650458775.713173
1650458775773133039 1650458775.773133
1650458775833092928 1650458775.833093
1650458775893053055 1650458775.893053
1650458775953013897 1650458775.953014
1650458776012974024 1650458776.012974
1650458776072933912 1650458776.072934
1650458776132894039 1650458776.132894
1650458776192853928 1650458776.192854
1650458776252814054 1650458776.252814
1650458776312773943 1650458776.312774
1650458776372735023 1650458776.372735
1650458776432694912 1650458776.432695
1650458776492655039 1650458776.492655
1650458776552614927 1650458776.552615
1650458776612575054 1650458776.612575
1650458776672534943 1650458776.672535
1650458776732494831 1650458776.732495
1650458776792455912 1650458776.792456
1650458776852416039 1650458776.852416
1650458776912375927 1650458776.912376
1650458776972336054 1650458776.972336
1650458777032295942 1650458777.032296
1650458777092255831 1650458777.092256
1650458777152215958 1650458777.152216
1650458777212177038 1650458777.212177
1650458777272136927 1650458777.272137
1650458777332097054 1650458777.332097
1650458777392056942 1650458777.392057
1650458777452016830 1650458777.452017
1650458777511976957 1650458777.511977
1650458777571936846 1650458777.571937
1650458777631897926 1650458777.631898
1650458777691858053 1650458777.691858
1650458777751817942 1650458777.751818
1650458777811777830 1650458777.811778
1650458777871737957 1650458777.871738
1650458777931697845 1650458777.931698
1650458777991657972 1650458777.991658
1650458778051619053 1650458778.051619
1650458778111578941 1650458778.111579
1650458778171538830 1650458778.171539
1650458778231498957 1650458778.231499
1650458778291458845 1650458778.291459
1650458778351418972 1650458778.351419
1650458778411378860 1650458778.411379
1650458778471339941 1650458778.471340
1650458778531299829 1650458778.531300
1650458778591259956 1650458778.591260
1650458778651219845 1650458778.651220
1650458778711179972 1650458778.711180
1650458778771139860 1650458778.771140
1650458778831099987 1650458778.831100
1650458778891060829 1650458778.891061
1650458778951020956 1650458778.951021
1650458779010980844 1650458779.010981
1650458779070940971 1650458779.070941
1650458779130900860 1650458779.130901
1650458779190860987 1650458779.190861
1650458779250820875 1650458779.250821
1650458779310781956 1650458779.310782
1650458779370741844 1650458779.370742
1650458779430701971 1650458779.430702
1650458779490661860 1650458779.490662
1650458779550621986 1650458779.550622
1650458779610581875 1650458779.610582
1650458779670542002 1650458779.670542
1650458779730501890 1650458779.730502
1650458779790462971 1650458779.790463
1650458779850422859 1650458779.850423
1650458779910382986 1650458779.910383
1650458779970342875 1650458779.970343
1650458780030303001 1650458780.030303
1650458780090262890 1650458780.090263
1650458780150223017 1650458780.150223
1650458780210183859 1650458780.210184
1650458780270143986 1650458780.270144
1650458780330103874 1650458780.330104
1650458780390064001 1650458780.390064
1650458780450023890 1650458780.450024
1650458780509984016 1650458780.509984
1650458780569943905 1650458780.569944
1650458780629904985 1650458780.629905
1650458780689864874 1650458780.689865
1650458780749825001 1650458780.749825
1650458780809784889 1650458780.809785
1650458780869745016 1650458780.869745
1650458780929704905 1650458780.929705
1650458780989665031 1650458780.989665
1650458781049625874 1650458781.049626
1650458781109586000 1650458781.109586
1650458781169545889 1650458781.169546
1650458781229506016 1650458781.229506
1650458781289465904 1650458781.289466
1650458781349426031 1650458781.349426
1650458781409385920 1650458781.409386
1650458781469347000 1650458781.469347
1650458781529306889 1650458781.529307
1650458781589267015 1650458781.589267
1650458781649226904 1650458781.649227
1650458781709187031 1650458781.709187
1650458781769146919 1650458781.769147
1650458781829107046 1650458781.829107
1650458781889067888 1650458781.889068
1650458781949028015 1650458781.949028
1650458782008987904 1650458782.008988
1650458782068948030 1650458782.068948
1650458782128907919 1650458782.128908
1650458782188868046 1650458782.188868
1650458782248827934 1650458782.248828
1650458782308789015 1650458782.308789
1650458782368748903 1650458782.368749
1650458782428709030 1650458782.428709
1650458782488668919 1650458782.488669
1650458782548629045 1650458782.548629
1650458782608588934 1650458782.608589
1650458782668549061 1650458782.668549
1650458782728509903 1650458782.728510
1650458782788470030 1650458782.788470
1650458782848429918 1650458782.848430
1650458782908390045 1650458782.908390
1650458782968349934 1650458782.968350
1650458783028310061 1650458783.028310
1650458783088269949 1650458783.088270
1650458783148231030 1650458783.148231
1650458783208190918 1650458783.208191
1650458783268151045 1650458783.268151
1650458783328110933 1650458783.328111
1650458783388071060 1650458783.388071
1650458783448030949 1650458783.448031
1650458783507990837 1650458783.507991
1650458783567950964 1650458783.567951
1650458783627912045 1650458783.627912
1650458783687871933 1650458783.687872
1650458783747832060 1650458783.747832
1650458783807791948 1650458783.807792
1650458783867751837 1650458783.867752
1650458783927711964 1650458783.927712
1650458783987671852 1650458783.987672
1650458784047632933 1650458784.047633
1650458784107593060 1650458784.107593
1650458784167552948 1650458784.167553
1650458784227512836 1650458784.227513
1650458784287472963 1650458784.287473
1650458784347432852 1650458784.347433
1650458784407392979 1650458784.407393
1650458784467354059 1650458784.467354
1650458784527313948 1650458784.527314
1650458784587273836 1650458784.587274
1650458784647233963 1650458784.647234
1650458784707193851 1650458784.707194
1650458784767153978 1650458784.767154
1650458784827113867 1650458784.827114
1650458784887074947 1650458784.887075
1650458784947034836 1650458784.947035
1650458785006994963 1650458785.006995
1650458785066954851 1650458785.066955
1650458785126914978 1650458785.126915
1650458785186874866 1650458785.186875
1650458785246834993 1650458785.246835
1650458785306795835 1650458785.306796
1650458785366755962 1650458785.366756
1650458785426715851 1650458785.426716
1650458785486675978 1650458785.486676
1650458785546635866 1650458785.546636
1650458785606595993 1650458785.606596
1650458785666555882 1650458785.666556
1650458785726516962 1650458785.726517
1650458785786476851 1650458785.786477
1650458785846436977 1650458785.846437
1650458785906396866 1650458785.906397
1650458785966356993 1650458785.966357
1650458786026316881 1650458786.026317
1650458786086277008 1650458786.086277
1650458786146237850 1650458786.146238
1650458786206197977 1650458786.206198
1650458786266157866 1650458786.266158
1650458786326117992 1650458786.326118
1650458786386077881 1650458786.386078
1650458786446038008 1650458786.446038
1650458786505997896 1650458786.505998
1650458786565958977 1650458786.565959
1650458786625918865 1650458786.625919
1650458786685878992 1650458786.685879
1650458786745838881 1650458786.745839
1650458786805799007 1650458786.805799
1650458786865758896 1650458786.865759
1650458786925719023 1650458786.925719
1650458786985679865 1650458786.985680
1650458787045639992 1650458787.045640
1650458787105599880 1650458787.105600
1650458787165560007 1650458787.165560
1650458787225519896 1650458787.225520
1650458787285480022 1650458787.285480
1650458787345439911 1650458787.345440
1650458787405400038 1650458787.405400
1650458787465360880 1650458787.465361
1650458787525321007 1650458787.525321
1650458787585280895 1650458787.585281
1650458787645241022 1650458787.645241
1650458787705200911 1650458787.705201
1650458787765161037 1650458787.765161
1650458787825120926 1650458787.825121
1650458787885082006 1650458787.885082
1650458787945041895 1650458787.945042
1650458788005002022 1650458788.005002
1650458788064961910 1650458788.064962
1650458788124922037 1650458788.124922
1650458788184881926 1650458788.184882
1650458788244842052 1650458788.244842
1650458788304802895 1650458788.304803
1650458788364763021 1650458788.364763
1650458788424722910 1650458788.424723
1650458788484683037 1650458788.484683
1650458788544642925 1650458788.544643
1650458788604603052 1650458788.604603
1650458788664562941 1650458788.664563
1650458788724524021 1650458788.724524
1650458788784483910 1650458788.784484
1650458788844444036 1650458788.844444
1650458788904403925 1650458788.904404
1650458788964364052 1650458788.964364
1650458789024323940 1650458789.024324
1650458789084283829 1650458789.084284
1650458789144244909 1650458789.144245
1650458789204205036 1650458789.204205
1650458789264164925 1650458789.264165
1650458789324125051 1650458789.324125
1650458789384084940 1650458789.384085
1650458789444044828 1650458789.444045
1650458789504004955 1650458789.504005
1650458789563966036 1650458789.563966
1650458789623925924 1650458789.623926
1650458789683886051 1650458789.683886
1650458789743845940 1650458789.743846
1650458789803805828 1650458789.803806
1650458789863765955 1650458789.863766
1650458789923725843 1650458789.923726
1650458789983686924 1650458789.983687
1650458790043647051 1650458790.043647
1650458790103606939 1650458790.103607
1650458790163566828 1650458790.163567
1650458790223526955 1650458790.223527
1650458790283486843 1650458790.283487
1650458790343446970 1650458790.343447
1650458790403408051 1650458790.403408
1650458790463367939 1650458790.463368
1650458790523327827 1650458790.523328
1650458790583287954 1650458790.583288
1650458790643247843 1650458790.643248
1650458790703207970 1650458790.703208
1650458790763167858 1650458790.763168
1650458790823128939 1650458790.823129
1650458790883088827 1650458790.883089
1650458790943048954 1650458790.943049
1650458791003008842 1650458791.003009
1650458791062968969 1650458791.062969
1650458791122928858 1650458791.122929
1650458791182888985 1650458791.182889
1650458791242848873 1650458791.242849
1650458791302809954 1650458791.302810
1650458791362769842 1650458791.362770
1650458791422729969 1650458791.422730
1650458791482689857 1650458791.482690
1650458791542649984 1650458791.542650
1650458791602609873 1650458791.602610
1650458791662570000 1650458791.662570
1650458791722530842 1650458791.722531
1650458791782490969 1650458791.782491
1650458791842450857 1650458791.842451
1650458791902410984 1650458791.902411
1650458791962370872 1650458791.962371
1650458792022330999 1650458792.022331
1650458792082290888 1650458792.082291
1650458792142251968 1650458792.142252
1650458792202211857 1650458792.202212
1650458792262171984 1650458792.262172
1650458792322131872 1650458792.322132
1650458792382091999 1650458792.382092
1650458792442051888 1650458792.442052
1650458792502012014 1650458792.502012
1650458792561972857 1650458792.561973
1650458792621932983 1650458792.621933
1650458792681892872 1650458792.681893
1650458792741852999 1650458792.741853
1650458792801812887 1650458792.801813
1650458792861773014 1650458792.861773
1650458792921732903 1650458792.921733
1650458792981693983 1650458792.981694
1650458793031698942 1650458793.031699
1650458793081704855 1650458793.081705
1650458793131710052 1650458793.131710
1650458793181715012 1650458793.181715
1650458793231720924 1650458793.231721
1650458793281725883 1650458793.281726
1650458793331732035 1650458793.331732
1650458793381736994 1650458793.381737
1650458793431742907 1650458793.431743
1650458793481747866 1650458793.481748
1650458793531754017 1650458793.531754
1650458793581758976 1650458793.581759
1650458793631764889 1650458793.631765
1650458793671815872 1650458793.671816
1650458793711865902 1650458793.711866
1650458793751916885 1650458793.751917
1650458793791967869 1650458793.791968
1650458793832018852 1650458793.832019
1650458793872069836 1650458793.872070
1650458793912121058 1650458793.912121
1650458793952170849 1650458793.952171
1650458793992221832 1650458793.992222
1650458794032273054 1650458794.032273
1650458794072324038 1650458794.072324
1650458794112375021 1650458794.112375
1650458794152425051 1650458794.152425
1650458794192476034 1650458794.192476
1650458794232527018 1650458794.232527
1650458794272578001 1650458794.272578
1650458794312628984 1650458794.312629
1650458794352679968 1650458794.352680
1650458794392729998 1650458794.392730
1650458794432780981 1650458794.432781
1650458794472831964 1650458794.472832
1650458794512882948 1650458794.512883
1650458794552933931 1650458794.552934
1650458794592983961 1650458794.592984
1650458794626157045 1650458794.626157
1650458794659329891 1650458794.659330
1650458794692502022 1650458794.692502
1650458794725674868 1650458794.725675
1650458794758846998 1650458794.758847
1650458794792019844 1650458794.792020
1650458794825191975 1650458794.825192
1650458794858365059 1650458794.858365
1650458794891536951 1650458794.891537
1650458794924710035 1650458794.924710
1650458794957881927 1650458794.957882
1650458794991055012 1650458794.991055
1650458795024226904 1650458795.024227
1650458795057399988 1650458795.057400
1650458795090571880 1650458795.090572
1650458795123744965 1650458795.123745
1650458795156916857 1650458795.156917
1650458795190089941 1650458795.190090
1650458795223263025 1650458795.223263
1650458795256434917 1650458795.256435
1650458795289608002 1650458795.289608
1650458795322779894 1650458795.322780
1650458795355952978 1650458795.355953
1650458795389124870 1650458795.389125
1650458795422297955 1650458795.422298
1650458795455469847 1650458795.455470
1650458795488642931 1650458795.488643
1650458795521815062 1650458795.521815
1650458795554987907 1650458795.554988
1650458795588160038 1650458795.588160
1650458795621332884 1650458795.621333
1650458795654505014 1650458795.654505
1650458795687677860 1650458795.687678
1650458795720849991 1650458795.720850
1650458795754022837 1650458795.754023
1650458795787194967 1650458795.787195
1650458795820368052 1650458795.820368
1650458795853540897 1650458795.853541
1650458795886713028 1650458795.886713
1650458795919885874 1650458795.919886
1650458795953058004 1650458795.953058
1650458795986230850 1650458795.986231
1650458796317955971 1650458796.317956
1650458796351127863 1650458796.351128
1650458796384300947 1650458796.384301
1650458796417472839 1650458796.417473
1650458796450645924 1650458796.450646
1650458796483819008 1650458796.483819
1650458796516990900 1650458796.516991
1650458796550163984 1650458796.550164
1650458796583335876 1650458796.583336
1650458796616508961 1650458796.616509
1650458796649680853 1650458796.649681
1650458796682853937 1650458796.682854
1650458796716025829 1650458796.716026
1650458796749198914 1650458796.749199
1650458796782371044 1650458796.782371
1650458796815543890 1650458796.815544
1650458796848716021 1650458796.848716
1650458796881888866 1650458796.881889
1650458796915060997 1650458796.915061
1650458796948233843 1650458796.948234
1650458796981405973 1650458796.981406
1650458797014579058 1650458797.014579
1650458797047750950 1650458797.047751
1650458797080924034 1650458797.080924
1650458797114096880 1650458797.114097
1650458797147269011 1650458797.147269
1650458797180441856 1650458797.180442
1650458797213613987 1650458797.213614
1650458797246786833 1650458797.246787
1650458797279958963 1650458797.279959
1650458797313132048 1650458797.313132
1650458797346303940 1650458797.346304
1650458797379477024 1650458797.379477
1650458797412648916 1650458797.412649
1650458797445822001 1650458797.445822
1650458797478993893 1650458797.478994
1650458797512166977 1650458797.512167
1650458797545338869 1650458797.545339
1650458797578511953 1650458797.578512
1650458797644856930 1650458797.644857
1650458797930871964 1650458797.930872
1650458797970922947 1650458797.970923
1650458798010973930 1650458798.010974
1650458798044146061 1650458798.044146
1650458798084197044 1650458798.084197
1650458798124248028 1650458798.124248
1650458798164299011 1650458798.164299
1650458798204349995 1650458798.204350
1650458798244400024 1650458798.244400
1650458798284451008 1650458798.284451
1650458798324501991 1650458798.324502
1650458798364552975 1650458798.364553
1650458798404603958 1650458798.404604
1650458798444653988 1650458798.444654
1650458798484704971 1650458798.484705
1650458798524755955 1650458798.524756
1650458798564806938 1650458798.564807
1650458798604857922 1650458798.604858
1650458798644908905 1650458798.644909
1650458798684958935 1650458798.684959
1650458798725009918 1650458798.725010
1650458798765060902 1650458798.765061
1650458798805111885 1650458798.805112
1650458798845162868 1650458798.845163
1650458798885212898 1650458798.885213
1650458798925263882 1650458798.925264
1650458798965314865 1650458798.965315
1650458799005365849 1650458799.005366
1650458799045416832 1650458799.045417
1650458799085468054 1650458799.085468
1650458799125517845 1650458799.125518
1650458799165568829 1650458799.165569
1650458799205620050 1650458799.205620
1650458799245671034 1650458799.245671
1650458799285722017 1650458799.285722
1650458799325772047 1650458799.325772
1650458799365823030 1650458799.365823
1650458799405874014 1650458799.405874
1650458799445924997 1650458799.445925
1650458799485975981 1650458799.485976
1650458799526026964 1650458799.526027
1650458799566076994 1650458799.566077
1650458799606127977 1650458799.606128
1650458799646178961 1650458799.646179
1650458799686229944 1650458799.686230
1650458799726280928 1650458799.726281
1650458799766331911 1650458799.766332
1650458799806381941 1650458799.806382
1650458799846432924 1650458799.846433
1650458799886483908 1650458799.886484
1650458799926534891 1650458799.926535
1650458799966585875 1650458799.966586
1650458800006635904 1650458800.006636
1650458800046686888 1650458800.046687
1650458800086737871 1650458800.086738
1650458800126788855 1650458800.126789
1650458800166839838 1650458800.166840
1650458800206891060 1650458800.206891
1650458800246940851 1650458800.246941
1650458800286991835 1650458800.286992
1650458800327043056 1650458800.327043
1650458800367094040 1650458800.367094
1650458800407145023 1650458800.407145
1650458800447195053 1650458800.447195
1650458800487246037 1650458800.487246
1650458800527297020 1650458800.527297
1650458800567348003 1650458800.567348
1650458800607398987 1650458800.607399
1650458800647449970 1650458800.647450
1650458800687500000 1650458800.687500
1650458800727550983 1650458800.727551
1650458800767601967 1650458800.767602
1650458800807652950 1650458800.807653
1650458800847703934 1650458800.847704
1650458800887753963 1650458800.887754
1650458800937759876 1650458800.937760
1650458800987764835 1650458800.987765
1650458801037770987 1650458801.037771
1650458801087775946 1650458801.087776
1650458801137781858 1650458801.137782
1650458801187787056 1650458801.187787
1650458801237792969 1650458801.237793
1650458801287797928 1650458801.287798
1650458801337803841 1650458801.337804
1650458801387809038 1650458801.387809
1650458801437814951 1650458801.437815
1650458801487819910 1650458801.487820
1650458801537826061 1650458801.537826
1650458801587831020 1650458801.587831
1650458801637836933 1650458801.637837
1650458801687841892 1650458801.687842
1650458801737848043 1650458801.737848
1650458801787853003 1650458801.787853
1650458801837858915 1650458801.837859
1650458801887863874 1650458801.887864
1650458801937870026 1650458801.937870
1650458801987874985 1650458801.987875
1650458802037880898 1650458802.037881
1650458802087885857 1650458802.087886
1650458802137891054 1650458802.137891
1650458802197851896 1650458802.197852
1650458802257812023 1650458802.257812
1650458802317771912 1650458802.317772
1650458802377732038 1650458802.377732
1650458802437691927 1650458802.437692
1650458802497652054 1650458802.497652
1650458802557611942 1650458802.557612
1650458802617573023 1650458802.617573
1650458802677532911 1650458802.677533
1650458802737493038 1650458802.737493
1650458802797452927 1650458802.797453
1650458802857413054 1650458802.857413
1650458802917372942 1650458802.917373
1650458802977332830 1650458802.977333
1650458803037293911 1650458803.037294
1650458803097254038 1650458803.097254
1650458803157213926 1650458803.157214
1650458803217174053 1650458803.217174
1650458803277133942 1650458803.277134
1650458803337093830 1650458803.337094
1650458803397053957 1650458803.397054
1650458803457015038 1650458803.457015
1650458803516974926 1650458803.516975
1650458803576935053 1650458803.576935
1650458803636894941 1650458803.636895
1650458803696854830 1650458803.696855
1650458803756814957 1650458803.756815
1650458803816774845 1650458803.816775
1650458803876735926 1650458803.876736
1650458803936696053 1650458803.936696
1650458803996655941 1650458803.996656
1650458804056615829 1650458804.056616
1650458804116575956 1650458804.116576
1650458804176535845 1650458804.176536
1650458804236495972 1650458804.236496
1650458804296457052 1650458804.296457
1650458804356416941 1650458804.356417
1650458804416376829 1650458804.416377
1650458804476336956 1650458804.476337
1650458804536296844 1650458804.536297
1650458804596256971 1650458804.596257
1650458804656216860 1650458804.656217
1650458804716177940 1650458804.716178
1650458804776137829 1650458804.776138
1650458804836097956 1650458804.836098
1650458804896057844 1650458804.896058
1650458804956017971 1650458804.956018
1650458805015977859 1650458805.015978
1650458805075937986 1650458805.075938
1650458805135898829 1650458805.135899
1650458805195858955 1650458805.195859
1650458805255818844 1650458805.255819
1650458805315778971 1650458805.315779
1650458805375738859 1650458805.375739
1650458805435698986 1650458805.435699
1650458805495658875 1650458805.495659
1650458805555619001 1650458805.555619
1650458805615579844 1650458805.615580
1650458805675539970 1650458805.675540
1650458805735499859 1650458805.735500
1650458805795459986 1650458805.795460
1650458805855419874 1650458805.855420
1650458805915380001 1650458805.915380
1650458805975339890 1650458805.975340
1650458806035300970 1650458806.035301
1650458806095260859 1650458806.095261
1650458806155220985 1650458806.155221
1650458806215180874 1650458806.215181
1650458806275141001 1650458806.275141
1650458806335100889 1650458806.335101
1650458806395061016 1650458806.395061
1650458806455021858 1650458806.455022
1650458806514981985 1650458806.514982
1650458806574941874 1650458806.574942
1650458806634902000 1650458806.634902
1650458806694861889 1650458806.694862
1650458806754822016 1650458806.754822
1650458806814781904 1650458806.814782
1650458806874742985 1650458806.874743
1650458806934702873 1650458806.934703
1650458806994663000 1650458806.994663
1650458807054622889 1650458807.054623
1650458807114583015 1650458807.114583
1650458807174542904 1650458807.174543
1650458807234503031 1650458807.234503
1650458807284508944 1650458807.284509
1650458807334513903 1650458807.334514
1650458807384520054 1650458807.384520
1650458807434525013 1650458807.434525
1650458807484530926 1650458807.484531
1650458807534535885 1650458807.534536
1650458807584542036 1650458807.584542
1650458807634546995 1650458807.634547
1650458807684552908 1650458807.684553
1650458807734557867 1650458807.734558
1650458807784564018 1650458807.784564
1650458807834568977 1650458807.834569
1650458807884574890 1650458807.884575
1650458807934579849 1650458807.934580
1650458807984586000 1650458807.984586
1650458808034590960 1650458808.034591
1650458808084596872 1650458808.084597
1650458808134601831 1650458808.134602
1650458808184607983 1650458808.184608
1650458808234612942 1650458808.234613
1650458808284618855 1650458808.284619
1650458808334624052 1650458808.334624
1650458808384629011 1650458808.384629
1650458808434634924 1650458808.434635
1650458808484639883 1650458808.484640
1650458808534646034 1650458808.534646
1650458808584650993 1650458808.584651
1650458808624701977 1650458808.624702
1650458808664752960 1650458808.664753
1650458808704803944 1650458808.704804
1650458808744854927 1650458808.744855
1650458808794859886 1650458808.794860
1650458808844866037 1650458808.844866
1650458808894870996 1650458808.894871
1650458808944876909 1650458808.944877
1650458808994881868 1650458808.994882
1650458809044888020 1650458809.044888
1650458809094892979 1650458809.094893
1650458809144898891 1650458809.144899
1650458809194903851 1650458809.194904
1650458809244909048 1650458809.244909
1650458809294914961 1650458809.294915
1650458809344919920 1650458809.344920
1650458809394925833 1650458809.394926
1650458809444931030 1650458809.444931
1650458809494936943 1650458809.494937
1650458809544941902 1650458809.544942
1650458809594948053 1650458809.594948
1650458809644953012 1650458809.644953
1650458809694958925 1650458809.694959
1650458809744963884 1650458809.744964
1650458809794970036 1650458809.794970
1650458809844974995 1650458809.844975
1650458809894980907 1650458809.894981
1650458809944985867 1650458809.944986
1650458809994992018 1650458809.994992
1650458810044996977 1650458810.044997
1650458810095002890 1650458810.095003
1650458810145007849 1650458810.145008
1650458810195014000 1650458810.195014
1650458810245018959 1650458810.245019
1650458810295024872 1650458810.295025
1650458810345029831 1650458810.345030
1650458810395035982 1650458810.395036
1650458810445040941 1650458810.445041
1650458810495045900 1650458810.495046
1650458810545052052 1650458810.545052
1650458810595057011 1650458810.595057
1650458810645062923 1650458810.645063
1650458810695067883 1650458810.695068
1650458810745074034 1650458810.745074
1650458810795078993 1650458810.795079
1650458810845084906 1650458810.845085
1650458810895089865 1650458810.895090
1650458810945096016 1650458810.945096
1650458810995100975 1650458810.995101
1650458811045106888 1650458811.045107
1650458811095111847 1650458811.095112
1650458811145117998 1650458811.145118
1650458811195122957 1650458811.195123
1650458811245128870 1650458811.245129
1650458811295133829 1650458811.295134
1650458811345139980 1650458811.345140
1650458811395144939 1650458811.395145
1650458811445150852 1650458811.445151
1650458811495156050 1650458811.495156
1650458811545161963 1650458811.545162
1650458811595166922 1650458811.595167
1650458811645172834 1650458811.645173
1650458811695178032 1650458811.695178
1650458811745182991 1650458811.745183
1650458811795188904 1650458811.795189
1650458811845193863 1650458811.845194
1650458811895200014 1650458811.895200
1650458811945204973 1650458811.945205
1650458811995210886 1650458811.995211
1650458812045215845 1650458812.045216
1650458812095221996 1650458812.095222
1650458812145226955 1650458812.145227
1650458812195232868 1650458812.195233
1650458812245237827 1650458812.245238
1650458812295243979 1650458812.295244
1650458812345248938 1650458812.345249
1650458812395254850 1650458812.395255
1650458812445260048 1650458812.445260
1650458812495265961 1650458812.495266
1650458812545270920 1650458812.545271
1650458812595276833 1650458812.595277
1650458812645282030 1650458812.645282
1650458812695287943 1650458812.695288
1650458812745292902 1650458812.745293
1650458812795299053 1650458812.795299
1650458812845304012 1650458812.845304
1650458812895309925 1650458812.895310
1650458812945314884 1650458812.945315
1650458812995321035 1650458812.995321
1650458813045325994 1650458813.045326
1650458813095330954 1650458813.095331
1650458813145336866 1650458813.145337
1650458813195342064 1650458813.195342
1650458813245347977 1650458813.245348
1650458813295352936 1650458813.295353
1650458813345358849 1650458813.345359
1650458813395364046 1650458813.395364
1650458813445369959 1650458813.445370
1650458813495374918 1650458813.495375
1650458813545380831 1650458813.545381
1650458813595386028 1650458813.595386
1650458813645391941 1650458813.645392
1650458813695396900 1650458813.695397
1650458813745403051 1650458813.745403
1650458813795408010 1650458813.795408
1650458813845413923 1650458813.845414
1650458813895418882 1650458813.895419
1650458813945425034 1650458813.945425
1650458813995429993 1650458813.995430
1650458814045435905 1650458814.045436
1650458814095440865 1650458814.095441
1650458814145447016 1650458814.145447
1650458814195451975 1650458814.195452
1650458814245457888 1650458814.245458
1650458814295462847 1650458814.295463
1650458814345468044 1650458814.345468
1650458814395473957 1650458814.395474
1650458814455433846 1650458814.455434
1650458814515393972 1650458814.515394
1650458814575353861 1650458814.575354
1650458814635314941 1650458814.635315
1650458814695274830 1650458814.695275
1650458814755234957 1650458814.755235
1650458814815194845 1650458814.815195
1650458814875154972 1650458814.875155
1650458814935114861 1650458814.935115
1650458814995074987 1650458814.995075
1650458815055035830 1650458815.055036
1650458815114995956 1650458815.114996
1650458815174955845 1650458815.174956
1650458815234915972 1650458815.234916
1650458815294875860 1650458815.294876
1650458815354835987 1650458815.354836
1650458815414795876 1650458815.414796
1650458815474756002 1650458815.474756
1650458815534716845 1650458815.534717
1650458815594676971 1650458815.594677
1650458815654636860 1650458815.654637
1650458815714596987 1650458815.714597
1650458815774556875 1650458815.774557
1650458815834517002 1650458815.834517
1650458815894476891 1650458815.894477
1650458815954437971 1650458815.954438
1650458816014397860 1650458816.014398
1650458816074357986 1650458816.074358
1650458816134317875 1650458816.134318
1650458816194278002 1650458816.194278
1650458816254237890 1650458816.254238
1650458816314198017 1650458816.314198
1650458816374158859 1650458816.374159
1650458816434118986 1650458816.434119
1650458816494078875 1650458816.494079
1650458816554039001 1650458816.554039
1650458816613998890 1650458816.613999
1650458816673959017 1650458816.673959
1650458816733918905 1650458816.733919
1650458816793879986 1650458816.793880
1650458816853839874 1650458816.853840
1650458816913800001 1650458816.913800
1650458816973759890 1650458816.973760
1650458817033720016 1650458817.033720
1650458817093679905 1650458817.093680
1650458817153640032 1650458817.153640
1650458817213600874 1650458817.213601
1650458817273561001 1650458817.273561
1650458817333520889 1650458817.333521
1650458817393481016 1650458817.393481
1650458817453440905 1650458817.453441
1650458817503447056 1650458817.503447
1650458817553452015 1650458817.553452
1650458817603457928 1650458817.603458
1650458817653462887 1650458817.653463
1650458817703469038 1650458817.703469
1650458817753473997 1650458817.753474
1650458817803478956 1650458817.803479
1650458817853484869 1650458817.853485
1650458817903489828 1650458817.903490
1650458817953495979 1650458817.953496
1650458818003500938 1650458818.003501
1650458818053506851 1650458818.053507
1650458818103512049 1650458818.103512
1650458818153517962 1650458818.153518
1650458818203522921 1650458818.203523
1650458818253528833 1650458818.253529
1650458818303534031 1650458818.303534
1650458818353539944 1650458818.353540
1650458818403544903 1650458818.403545
1650458818453551054 1650458818.453551
1650458818503556013 1650458818.503556
1650458818553561926 1650458818.553562
1650458818603566885 1650458818.603567
1650458818653573036 1650458818.653573
1650458818703577995 1650458818.703578
1650458818753583908 1650458818.753584
1650458818803588867 1650458818.803589
1650458818853595018 1650458818.853595
1650458818903599977 1650458818.903600
1650458818953605890 1650458818.953606
1650458819003610849 1650458819.003611
1650458819053617001 1650458819.053617
1650458819103621960 1650458819.103622
1650458819153626919 1650458819.153627
1650458819203632832 1650458819.203633
1650458819253638029 1650458819.253638
1650458819303643942 1650458819.303644
1650458819353648901 1650458819.353649
1650458819393699884 1650458819.393700
1650458819433750868 1650458819.433751
1650458819473801851 1650458819.473802
1650458819513852835 1650458819.513853
1650458819553902864 1650458819.553903
1650458819593953848 1650458819.593954
1650458819634004831 1650458819.634005
1650458819674056053 1650458819.674056
1650458819714107037 1650458819.714107
1650458819754158020 1650458819.754158
1650458819794208050 1650458819.794208
1650458819834259033 1650458819.834259
1650458819874310017 1650458819.874310
1650458819914361000 1650458819.914361
1650458819954411983 1650458819.954412
1650458819994462967 1650458819.994463
1650458820034512997 1650458820.034513
1650458820074563980 1650458820.074564
1650458820114614964 1650458820.114615
1650458820154665947 1650458820.154666
1650458820194716930 1650458820.194717
1650458820234766960 1650458820.234767
1650458820274817944 1650458820.274818
1650458820314868927 1650458820.314869
1650458820354919910 1650458820.354920
1650458820394970894 1650458820.394971
1650458820435021877 1650458820.435022
1650458820475071907 1650458820.475072
1650458820515122890 1650458820.515123
1650458820555173874 1650458820.555174
1650458820595224857 1650458820.595225
1650458820635275841 1650458820.635276
1650458820675325871 1650458820.675326
1650458820715376854 1650458820.715377
1650458820755427837 1650458820.755428
1650458820795479059 1650458820.795479
1650458820835530043 1650458820.835530
1650458820875581026 1650458820.875581
1650458820915631056 1650458820.915631
1650458820955682039 1650458820.955682
1650458820995733023 1650458820.995733
1650458821035784006 1650458821.035784
1650458821075834990 1650458821.075835
1650458821115885019 1650458821.115885
1650458821155936003 1650458821.155936
1650458821195986986 1650458821.195987
1650458821236037970 1650458821.236038
1650458821276088953 1650458821.276089
1650458821316139936 1650458821.316140
1650458821356189966 1650458821.356190
1650458821396240950 1650458821.396241
1650458821436291933 1650458821.436292
1650458821476342916 1650458821.476343
1650458821516393900 1650458821.516394
1650458821556443930 1650458821.556444
1650458821596494913 1650458821.596495
1650458821636545897 1650458821.636546
1650458821676596880 1650458821.676597
1650458821716647863 1650458821.716648
1650458821997004032 1650458821.997004
1650458822037054062 1650458822.037054
1650458822077105045 1650458822.077105
1650458822117156029 1650458822.117156
1650458822157207012 1650458822.157207
1650458822197257996 1650458822.197258
1650458822237308025 1650458822.237308
1650458822277359009 1650458822.277359
1650458822317409992 1650458822.317410
1650458822357460976 1650458822.357461
1650458822397511959 1650458822.397512
1650458822437562943 1650458822.437563
1650458822470734835 1650458822.470735
1650458822503907919 1650458822.503908
1650458822537080050 1650458822.537080
1650458822570252895 1650458822.570253
1650458822603425026 1650458822.603425
1650458822636597872 1650458822.636598
1650458822669770002 1650458822.669770
1650458822702942848 1650458822.702943
1650458822736114979 1650458822.736115
1650458822769288063 1650458822.769288
1650458822835633039 1650458822.835633
1650458822868804932 1650458822.868805
1650458822968322992 1650458822.968323
1650458823399565935 1650458823.399566
1650458823432737827 1650458823.432738
1650458823465910912 1650458823.465911
1650458823499083042 1650458823.499083
1650458823532255888 1650458823.532256
1650458823565428019 1650458823.565428
1650458823598600864 1650458823.598601
1650458823631772995 1650458823.631773
1650458823664945841 1650458823.664946
1650458823698118925 1650458823.698119
1650458823731291056 1650458823.731291
1650458823764463902 1650458823.764464
1650458823797636032 1650458823.797636
1650458823830808878 1650458823.830809
1650458823863981009 1650458823.863981
1650458823897153854 1650458823.897154
1650458823930325985 1650458823.930326
1650458823963498831 1650458823.963499
1650458823996670961 1650458823.996671
1650458824029844046 1650458824.029844
1650458824063015938 1650458824.063016
1650458824096189022 1650458824.096189
1650458824129360914 1650458824.129361
1650458824162533998 1650458824.162534
1650458824195705891 1650458824.195706
1650458824228878975 1650458824.228879
1650458824262052059 1650458824.262052
1650458824295223951 1650458824.295224
1650458824328397036 1650458824.328397
1650458824361568928 1650458824.361569
1650458824394742012 1650458824.394742
1650458824427913904 1650458824.427914
1650458824461086988 1650458824.461087
1650458824494258881 1650458824.494259
1650458824527431965 1650458824.527432
1650458824560603857 1650458824.560604
1650458824593776941 1650458824.593777
1650458824626948833 1650458824.626949
1650458824660121918 1650458824.660122
1650458824991847038 1650458824.991847
1650458825025019884 1650458825.025020
1650458825058192015 1650458825.058192
1650458825091364861 1650458825.091365
1650458825124536991 1650458825.124537
1650458825157709837 1650458825.157710
1650458825190881968 1650458825.190882
1650458825224055052 1650458825.224055
1650458825257226944 1650458825.257227
1650458825290400028 1650458825.290400
1650458825323571920 1650458825.323572
1650458825356745005 1650458825.356745
1650458825389916897 1650458825.389917
1650458825423089981 1650458825.423090
1650458825456261873 1650458825.456262
1650458825489434958 1650458825.489435
1650458825522608042 1650458825.522608
1650458825555779934 1650458825.555780
1650458825588953018 1650458825.588953
1650458825622124910 1650458825.622125
1650458825655297995 1650458825.655298
1650458825688469887 1650458825.688470
1650458825721642971 1650458825.721643
1650458825754814863 1650458825.754815
1650458825787987947 1650458825.787988
1650458825821159840 1650458825.821160
1650458825854332924 1650458825.854333
1650458825887505054 1650458825.887505
1650458825920677900 1650458825.920678
1650458825953850031 1650458825.953850
1650458825987022877 1650458825.987023
1650458826020195007 1650458826.020195
1650458826053367853 1650458826.053368
1650458826086539984 1650458826.086540
1650458826119712830 1650458826.119713
1650458826152885914 1650458826.152886
1650458826186058044 1650458826.186058
1650458826219230890 1650458826.219231
1650458826252403021 1650458826.252403
1650458826285575867 1650458826.285576
1650458826318747997 1650458826.318748
1650458826351920843 1650458826.351921
1650458826385092974 1650458826.385093
1650458826418266058 1650458826.418266
1650458826517782927 1650458826.517783
1650458826550956011 1650458826.550956
1650458826584127903 1650458826.584128
1650458826617300987 1650458826.617301
1650458826650472879 1650458826.650473
1650458826683645964 1650458826.683646
1650458826716819048 1650458826.716819
1650458826749990940 1650458826.749991
1650458826783164024 1650458826.783164
1650458826816335917 1650458826.816336
1650458826849509001 1650458826.849509
1650458826882680893 1650458826.882681
1650458826915853977 1650458826.915854
1650458826949025869 1650458826.949026
1650458826982198954 1650458826.982199
1650458827015370846 1650458827.015371
1650458827048543930 1650458827.048544
1650458827081716061 1650458827.081716
1650458827114888906 1650458827.114889
1650458827148061037 1650458827.148061
1650458827181233883 1650458827.181234
1650458827214406013 1650458827.214406
1650458827247578859 1650458827.247579
1650458827287629843 1650458827.287630
1650458827327680826 1650458827.327681
1650458827367730856 1650458827.367731
1650458827407781839 1650458827.407782
1650458827447833061 1650458827.447833
1650458827487884045 1650458827.487884
1650458827527935028 1650458827.527935
1650458827567985058 1650458827.567985
1650458827608036041 1650458827.608036
1650458827648087025 1650458827.648087
1650458827688138008 1650458827.688138
1650458827728188992 1650458827.728189
1650458827768239975 1650458827.768240
1650458827808290005 1650458827.808290
1650458827848340988 1650458827.848341
1650458827888391972 1650458827.888392
1650458827928442955 1650458827.928443
1650458827968493938 1650458827.968494
1650458828008544922 1650458828.008545
1650458828048594952 1650458828.048595
1650458828088645935 1650458828.088646
1650458828128696918 1650458828.128697
1650458828168747902 1650458828.168748
1650458828208798885 1650458828.208799
1650458828248848915 1650458828.248849
1650458828288899899 1650458828.288900
1650458828328950882 1650458828.328951
1650458828378957033 1650458828.378957
1650458828428961992 1650458828.428962
1650458828478967905 1650458828.478968
1650458828528972864 1650458828.528973
1650458828578978062 1650458828.578978
1650458828628983974 1650458828.628984
1650458828678988934 1650458828.678989
1650458828728994846 1650458828.728995
1650458828779000044 1650458828.779000
1650458828829005957 1650458828.829006
1650458828879010916 1650458828.879011
1650458828929016829 1650458828.929017
1650458828979022026 1650458828.979022
1650458829029027939 1650458829.029028
1650458829079032898 1650458829.079033
1650458829129039049 1650458829.129039
1650458829179044008 1650458829.179044
1650458829229049921 1650458829.229050
1650458829279054880 1650458829.279055
1650458829329061031 1650458829.329061
1650458829379065990 1650458829.379066
1650458829429071903 1650458829.429072
1650458829479076862 1650458829.479077
1650458829529083014 1650458829.529083
1650458829579087973 1650458829.579088
1650458829629093885 1650458829.629094
1650458829679098845 1650458829.679099
1650458829729104996 1650458829.729105
1650458829779109955 1650458829.779110
1650458829829114914 1650458829.829115
1650458829879120827 1650458829.879121
1650458829929126024 1650458829.929126
1650458829979131937 1650458829.979132
1650458830029136896 1650458830.029137
1650458830079143047 1650458830.079143
1650458830129148006 1650458830.129148
1650458830179153919 1650458830.179154
1650458830229158878 1650458830.229159
1650458830279165030 1650458830.279165
1650458830329169989 1650458830.329170
1650458830379175901 1650458830.379176
1650458830429180861 1650458830.429181
1650458830479187012 1650458830.479187
1650458830529191971 1650458830.529192
1650458830579197884 1650458830.579198
1650458830629202843 1650458830.629203
1650458830679208994 1650458830.679209
1650458830729213953 1650458830.729214
1650458830779219866 1650458830.779220
1650458830829225063 1650458830.829225
1650458830879230976 1650458830.879231
1650458830929235935 1650458830.929236
1650458830979241848 1650458830.979242
1650458831029247046 1650458831.029247
1650458831079252958 1650458831.079253
1650458831129257917 1650458831.129258
1650458831189218044 1650458831.189218
1650458831249177933 1650458831.249178
1650458831309138060 1650458831.309138
1650458831369098902 1650458831.369099
1650458831429059029 1650458831.429059
1650458831489018917 1650458831.489019
1650458831548979044 1650458831.548979
1650458831608938932 1650458831.608939
1650458831658944845 1650458831.658945
1650458831718904972 1650458831.718905
1650458831778864861 1650458831.778865
1650458831838824987 1650458831.838825
1650458831898784876 1650458831.898785
1650458831958745003 1650458831.958745
1650458832018704891 1650458832.018705
1650458832078665972 1650458832.078666
1650458832138625860 1650458832.138626
1650458832198585987 1650458832.198586
1650458832258545876 1650458832.258546
1650458832318506002 1650458832.318506
1650458832378465891 1650458832.378466
1650458832438426018 1650458832.438426
1650458832498386860 1650458832.498387
1650458832558346987 1650458832.558347
1650458832618306875 1650458832.618307
1650458832678267002 1650458832.678267
1650458832738226891 1650458832.738227
1650458832798187017 1650458832.798187
1650458832858146906 1650458832.858147
1650458832918107986 1650458832.918108
1650458832978067875 1650458832.978068
1650458833038028002 1650458833.038028
1650458833097987890 1650458833.097988
1650458833157948017 1650458833.157948
1650458833217907906 1650458833.217908
1650458833277868032 1650458833.277868
1650458833337828875 1650458833.337829
1650458833397789001 1650458833.397789
1650458833457748890 1650458833.457749
1650458833517709017 1650458833.517709
1650458833577668905 1650458833.577669
1650458833637629032 1650458833.637629
1650458833697588921 1650458833.697589
1650458833757550001 1650458833.757550
1650458833807554960 1650458833.807555
1650458833857559919 1650458833.857560
1650458833907565832 1650458833.907566
1650458833957571030 1650458833.957571
1650458834007576942 1650458834.007577
1650458834057581902 1650458834.057582
1650458834107588053 1650458834.107588
1650458834157593012 1650458834.157593
1650458834207598925 1650458834.207599
1650458834257603884 1650458834.257604
1650458834307610035 1650458834.307610
1650458834357614994 1650458834.357615
1650458834407620907 1650458834.407621
1650458834457625866 1650458834.457626
1650458834507632017 1650458834.507632
1650458834557636976 1650458834.557637
1650458834607642889 1650458834.607643
1650458834657647848 1650458834.657648
1650458834707653999 1650458834.707654
1650458834757658958 1650458834.757659
1650458834807664871 1650458834.807665
1650458834857669830 1650458834.857670
1650458834907675982 1650458834.907676
1650458834957680941 1650458834.957681
1650458834997731924 1650458834.997732
1650458835037782907 1650458835.037783
1650458835077832937 1650458835.077833
1650458835117883921 1650458835.117884
1650458835157934904 1650458835.157935
1650458835197985888 1650458835.197986
1650458835238036871 1650458835.238037
1650458835278087854 1650458835.278088
1650458835318137884 1650458835.318138
1650458835358188868 1650458835.358189
1650458835398239851 1650458835.398240
1650458835438290834 1650458835.438291
1650458835478342056 1650458835.478342
1650458835518393040 1650458835.518393
1650458835558442831 1650458835.558443
1650458835598494053 1650458835.598494
1650458835638545036 1650458835.638545
1650458835678596020 1650458835.678596
1650458835718647003 1650458835.718647
1650458835758697033 1650458835.758697
1650458835798748016 1650458835.798748
1650458835838799000 1650458835.838799
1650458835878849983 1650458835.878850
1650458835918900967 1650458835.918901
1650458835958951950 1650458835.958952
1650458835999001980 1650458835.999002
1650458836039052963 1650458836.039053
1650458836079103947 1650458836.079104
1650458836119154930 1650458836.119155
1650458836159205914 1650458836.159206
1650458836199255943 1650458836.199256
1650458836239306927 1650458836.239307
1650458836279357910 1650458836.279358
1650458836319408894 1650458836.319409
1650458836359459877 1650458836.359460
1650458836399510860 1650458836.399511
1650458836439560890 1650458836.439561
1650458836472733974 1650458836.472734
1650458836505905867 1650458836.505906
1650458836539078951 1650458836.539079
1650458836572250843 1650458836.572251
1650458836605423927 1650458836.605424
1650458836638597012 1650458836.638597
1650458836671768904 1650458836.671769
1650458836704941988 1650458836.704942
1650458836738113880 1650458836.738114
1650458836771286964 1650458836.771287
1650458836804458857 1650458836.804459
1650458836837631941 1650458836.837632
1650458836870803833 1650458836.870804
1650458837103011847 1650458837.103012
1650458837136183977 1650458837.136184
1650458837169357061 1650458837.169357
1650458837202528954 1650458837.202529
1650458837235702038 1650458837.235702
1650458837268874884 1650458837.268875
1650458837302047014 1650458837.302047
1650458837335219860 1650458837.335220
1650458837368391991 1650458837.368392
1650458837401564837 1650458837.401565
1650458837434736967 1650458837.434737
1650458837467910051 1650458837.467910
1650458837501081944 1650458837.501082
1650458837534255028 1650458837.534255
1650458837567426920 1650458837.567427
1650458837600600004 1650458837.600600
1650458837633771896 1650458837.633772
1650458837666944981 1650458837.666945
1650458837700116873 1650458837.700117
1650458837733289957 1650458837.733290
1650458837766461849 1650458837.766462
1650458837799634933 1650458837.799635
1650458837832808018 1650458837.832808
1650458837865979910 1650458837.865980
1650458837899152994 1650458837.899153
1650458837932324886 1650458837.932325
1650458837965497971 1650458837.965498
1650458837998669863 1650458837.998670
1650458838031842947 1650458838.031843
1650458838065014839 1650458838.065015
1650458838098187923 1650458838.098188
1650458838131360054 1650458838.131360
1650458838164532900 1650458838.164533
1650458838197705030 1650458838.197705
1650458838230877876 1650458838.230878
1650458838264050007 1650458838.264050
1650458838297222853 1650458838.297223
1650458838330394983 1650458838.330395
1650458838363567829 1650458838.363568
1650458838396739960 1650458838.396740
1650458838429913044 1650458838.429913
1650458838463085890 1650458838.463086
1650458838496258020 1650458838.496258
1650458838529430866 1650458838.529431
1650458838562602997 1650458838.562603
1650458838595775843 1650458838.595776
1650458838628947973 1650458838.628948
1650458838662121058 1650458838.662121
1650458838695292950 1650458838.695293
1650458838728466034 1650458838.728466
1650458838761637926 1650458838.761638
1650458838794811010 1650458838.794811
1650458838827982903 1650458838.827983
1650458838861155987 1650458838.861156
1650458838894327879 1650458838.894328
1650458838927500963 1650458838.927501
1650458838960672855 1650458838.960673
1650458838993845940 1650458838.993846
1650458839027017832 1650458839.027018
1650458839060190916 1650458839.060191
1650458839093364000 1650458839.093364
1650458839126535892 1650458839.126536
1650458839159708977 1650458839.159709
1650458839192880869 1650458839.192881
1650458839226053953 1650458839.226054
1650458839259225845 1650458839.259226
1650458839292398930 1650458839.292399
1650458839325571060 1650458839.325571
1650458839358743906 1650458839.358744
1650458839391916037 1650458839.391916
1650458839425088882 1650458839.425089
1650458839458261013 1650458839.458261
1650458839491433859 1650458839.491434
1650458839524605989 1650458839.524606
1650458839557778835 1650458839.557779
1650458839590950966 1650458839.590951
1650458839624124050 1650458839.624124
1650458839657295942 1650458839.657296
1650458839690469027 1650458839.690469
1650458839723641872 1650458839.723642
1650458839756814003 1650458839.756814
1650458839789986849 1650458839.789987
1650458839823158979 1650458839.823159
1650458839856332064 1650458839.856332
1650458839889503956 1650458839.889504
1650458839922677040 1650458839.922677
1650458839955848932 1650458839.955849
1650458839989022017 1650458839.989022
1650458840022193909 1650458840.022194
1650458840055366993 1650458840.055367
1650458840088538885 1650458840.088539
1650458840121711969 1650458840.121712
1650458840154883862 1650458840.154884
1650458840188056946 1650458840.188057
1650458840221228838 1650458840.221229
1650458840254401922 1650458840.254402
1650458840287575006 1650458840.287575
1650458840320746899 1650458840.320747
1650458840353919983 1650458840.353920
1650458840387091875 1650458840.387092
1650458840420264959 1650458840.420265
1650458840453436852 1650458840.453437
1650458840486609936 1650458840.486610
1650458840519781828 1650458840.519782
1650458840552954912 1650458840.552955
1650458840586127043 1650458840.586127
1650458840619299889 1650458840.619300
1650458840652472019 1650458840.652472
1650458840685644865 1650458840.685645
1650458840718816996 1650458840.718817
1650458840751989841 1650458840.751990
1650458840785161972 1650458840.785162
1650458840818335056 1650458840.818335
1650458840851506948 1650458840.851507
1650458840884680033 1650458840.884680
1650458840917852879 1650458840.917853
1650458840951025009 1650458840.951025
1650458840984197855 1650458840.984198
1650458841017369986 1650458841.017370
1650458841050542831 1650458841.050543
1650458841083714962 1650458841.083715
1650458841116888046 1650458841.116888
1650458841150059938 1650458841.150060
1650458841183233023 1650458841.183233
1650458841216404915 1650458841.216405
